0,1,2,3,4,5,6,7,8,9
0,94,37,72,42,37,49,36,28,90
94,0,86,42,73,83,38,70,99,87
37,86,0,18,9,33,0,69,65,17
72,42,18,0,6,2,0,85,0,98
42,73,9,6,0,57,96,62,4,85
37,83,33,2,57,0,90,23,6,73
49,38,0,0,96,90,0,22,71,0
36,70,69,85,62,23,22,0,73,26
28,99,65,0,4,6,71,73,0,0
90,87,17,98,85,73,0,26,0,0
