3,4,0,2,8,9,1,6,5,7
0,92,0,0,19,17,0,0,92,0
92,0,45,51,0,0,80,0,22,0
0,45,0,69,0,0,0,57,0,15
0,51,69,0,0,0,0,38,34,6
19,0,0,0,0,32,0,85,52,45
17,0,0,0,32,0,46,27,0,55
0,80,0,0,0,46,0,54,30,69
0,0,57,38,85,27,54,0,0,0
92,22,0,34,52,0,30,0,0,0
0,0,15,6,45,55,69,0,0,0
